[[[0.         0.         0.         0.         0.         0.
   0.         0.47213411 0.52786589 0.        ]
  [0.23151979 0.01998676 0.22127693 0.         0.06981873 0.0427862
   0.10467982 0.12070309 0.18922869 0.        ]
  [0.         0.         0.         0.         0.         0.
   0.         1.         0.         0.        ]
  [0.30368162 0.         0.         0.25661536 0.         0.
   0.         0.39303185 0.04667117 0.        ]
  [0.17812209 0.01085392 0.31277349 0.10361547 0.         0.04559891
   0.03139476 0.31764135 0.         0.        ]
  [0.24049966 0.29684653 0.         0.         0.1539215  0.10658198
   0.05643442 0.         0.14571591 0.        ]
  [0.07697128 0.05091228 0.44022796 0.         0.         0.
   0.         0.         0.         0.43188848]
  [0.         0.         0.         0.         0.         0.
   1.         0.         0.         0.        ]
  [0.         0.         0.03246495 0.         0.00475867 0.
   0.50693326 0.36230239 0.09354073 0.        ]
  [0.11215198 0.11699652 0.         0.10959476 0.03296511 0.26794035
   0.11095759 0.15551604 0.09387765 0.        ]]

 [[0.12850056 0.10343631 0.         0.09953688 0.11388147 0.09595513
   0.18509471 0.09409333 0.1795016  0.        ]
  [0.         0.32924822 0.         0.         0.         0.67075178
   0.         0.         0.         0.        ]
  [0.         0.0755375  0.47557293 0.         0.         0.
   0.         0.44888957 0.         0.        ]
  [0.1158831  0.15402211 0.07514983 0.09808033 0.1960788  0.04886819
   0.07476964 0.00912034 0.06193483 0.16609284]
  [0.23899354 0.0655907  0.         0.17776072 0.2287395  0.
   0.06159055 0.         0.         0.22732499]
  [0.03233116 0.02864308 0.15378553 0.15403636 0.1328941  0.14596274
   0.09721679 0.15121338 0.08218625 0.02173061]
  [0.1577313  0.         0.15558799 0.089663   0.08934407 0.06768264
   0.         0.16529423 0.15622294 0.11847382]
  [0.         0.         0.         0.         0.38058824 0.
   0.35815743 0.26125433 0.         0.        ]
  [0.01379299 0.03726099 0.03415781 0.10157469 0.0791237  0.1806215
   0.29088836 0.18618146 0.         0.07639849]
  [0.         0.         0.         0.         1.         0.
   0.         0.         0.         0.        ]]

 [[0.10182063 0.12295227 0.18209398 0.22582416 0.02763395 0.02520401
   0.13889813 0.17557287 0.         0.        ]
  [0.07740746 0.11523072 0.11409477 0.         0.09837254 0.
   0.18240537 0.11390899 0.1232118  0.17536835]
  [0.21813953 0.         0.07930457 0.00795801 0.21562846 0.35072226
   0.         0.09274496 0.         0.03550221]
  [0.         0.         0.28331664 0.21787373 0.         0.14377851
   0.10800369 0.10471031 0.         0.14231713]
  [0.         0.00210967 0.         0.48531985 0.         0.
   0.         0.51257048 0.         0.        ]
  [0.02629692 0.14818823 0.03755372 0.19828231 0.         0.20812823
   0.04101115 0.34053944 0.         0.        ]
  [0.         0.31967908 0.29587723 0.         0.25809472 0.
   0.12634896 0.         0.         0.        ]
  [0.         0.21913456 0.18172365 0.         0.         0.22663922
   0.17511239 0.0436282  0.11917704 0.03458494]
  [0.         0.25082079 0.         0.         0.         0.
   0.         0.         0.         0.74917921]
  [0.         0.         0.         0.         0.         1.
   0.         0.         0.         0.        ]]]